eval_loss = 0.24665048718452454
mcc = 0.8017837257372731
